100
3 8
5 6 9 4 8 2 1 7
3 1
2
3 10
2 4 8 16 32 64 100 100 100 100
3 10
1 4 4 4 4 4 4 4 4 4
100 1
100
3 5
11 20 60 22 100
2 10
100 100 100 100 100 100 100 100 100 100
3 5
100 100 100 100 100
3 4
1 6 12 49
2 6
9 64 19 16 81 80
1 10
100 100 100 100 100 100 100 100 100 100
1 10
1 1 1 1 1 1 1 1 1 1
6 1
87
1 9
8 2 7 5 2 5 5 3 32
2 3
23 5 3
1 4
90 17 85 4
7 1
97
3 6
59 18 6 8 27 38
4 2
1 24
3 5
21 34 1 49 72
5 9
3 86 81 4 1 70 3 70 3
5 1
58
7 2
74 32
25 4
15 40 77 29
15 1
39
22 1
61
10 3
97 1 28
1 8
47 61 89 72 5 55 2 47
2 8
22 51 3 2 10 83 8 24
3 1
11
13 2
16 68
1 2
33 15
4 7
15 97 1 23 70 44 66
8 5
19 55 59 22 92
6 6
66 11 16 57 3 30
4 3
26 75 1
24 6
14 89 52 86 15 2
1 3
72 1 1
16 8
1 2 1 36 74 78 30 71
2 5
30 3 63 45 10
13 9
14 20 2 72 79 95 61 83 98
4 8
39 51 48 74 57 51 17 38
1 1
12
23 7
82 16 4 20 1 77 64
1 6
17 11 25 8 64 94
1 6
37 3 62 7 42 50
8 1
11
1 4
41 1 11 86
7 3
58 1 47
15 8
24 62 1 5 74 33 10 14
2 2
26 7
3 5
18 4 1 1 59
17 4
74 73 22 23
7 7
44 39 1 33 16 1 29
23 5
1 11 1 6 11
1 1
1
1 7
49 32 1 1 98 18 10
1 9
22 47 2 57 13 1 11 28 1
1 9
79 72 43 1 58 3 16 12 68
19 6
24 9 1 6 21 61
2 6
17 17 99 77 67 25
4 3
5 65 1
16 7
38 9 77 42 5 43 20
11 4
24 72 18 16
13 8
5 1 15 12 79 63 94 60
10 8
26 13 77 68 8 2 4 52
9 3
5 76 9
14 5
7 52 26 99 1
3 7
26 33 3 53 72 41 1
2 6
7 1 42 24 3 33
2 1
25
10 2
97 48
6 7
62 58 5 5 25 30 10
1 4
6 64 2 16
10 2
11 3
17 6
1 69 22 89 59 94
1 6
1 17 74 4 78 1
12 5
68 46 57 18 2
16 9
57 9 77 81 13 92 9 2 23
21 3
44 5 49
1 8
26 25 97 8 92 19 2 6
22 7
11 79 4 28 80 86 48
2 4
29 6 1 49
18 7
81 17 1 12 72 1 17
2 8
4 39 73 7 75 1 53 13
9 3
12 77 1
23 7
26 1 39 67 1 18 33
1 5
22 1 6 7 32
2 8
29 14 17 55 9 1 33 23
9 8
33 57 71 6 94 76 1 44
20 7
10 1 88 3 2 8 50
6 7
58 77 16 8 38 75 5
3 3
19 16 2
2 8
26 10 82 72 64 33 1 9
9 1
2
14 8
23 1 26 99 4 6 38 5
24 4
18 19 1 5
3 9
2 19 7 1 1 1 28 45 5
12 5
25 62 50 1 31
8 6
32 93 66 7 47 7
