100
929699 0 4264
13005 112 48
11 -4 0
623435 9321 9707
22286 136 74
11 0 4
870539 0 1320
382248 2776 0
19 -3 3
612818 3266 8036
1 2 0
40788 0 9050
213359 -253 83
893468 0 5144
20 -5 1
5 -2 0
72359 -380 0
111155 0 472
3 1 1
1000000 306 0
277322 54 0
303811 -780 0
3010 69 9
260535 -722 0
847137 -144 1158
89969 2660 0
998210 -2283 755
372491 0 576
242456 9454 10000
47969 165 145
847353 0 750
1447 27 27
999971 0 6046
898477 10000 8020
393635 -10000 10000
947787 0 282
13773 -42 124
725846 -58 0
376490 -10000 8454
223996 211 457
997204 4480 0
371076 316 544
780443 379 869
58995 0 344
340726 826 0
869750 542 88
494623 0 374
998882 0 748
205734 29 611
19 -3 3
536090 -842 0
698086 -673 509
996050 1410 0
999555 0 5056
55699 0 194
10 2 2
808228 485 785
547008 410 0
994493 0 1044
990935 1408 0
342875 39 789
1000000 2008 0
2424 -33 37
995327 -1274 0
280876 750 0
266084 0 730
495 0 32
309055 -166 0
349724 -836 0
990740 -9760 0
12 -4 0
2790 -8186 0
1000000 1414 0
311934 83 3315
479367 -3810 0
349044 10000 10000
729027 0 1208
997756 -405 283
996837 -5534 0
237706 -690 0
864548 1294 0
13 -2 2
339075 0 824
910597 696 0
750924 0 1226
448879 -948 0
894445 107 1229
92511 -26 404
719604 853 347
991632 5630 0
999393 -1414 0
688196 -764 408
580890 6880 7204
789737 1256 0
7 0 0
1000000 1414 0
918689 0 1356
994385 -1410 0
1 0 0
133902 0 518
