100
13 2404 4112
15 -2 0
1 1 1
1 0 0
11 466 7672
10 -4 0
1 2 0
13 0 0
6 4878 106
5 1 1
1 0 2
8 2 0
9 4 0
18 0 4
14 -2 0
5 0 2
20 -1 3
20 488 4420
1 0 2
19 -3 3
11 0 2
4 9618 6300
9 0 2
5 0 4
7 4 0
10 0 2
2 -2 0
17 9433 1635
4 0 0
8 -4 0
3 -6546 0
18 0 2
3 -1 1
20 -4 2
19 2 0
8 3 1
16 1 1
13 -2 2
10 2 2
19 -6 0
19 1 1
12 -4 0
10 -2 2
10 4 0
8 178 260
10 2 2
11 1 1
10 2 2
5 0 2
9 -8990 0
5 2 0
16 2 0
9 -1046 0
19 -2 2
5 0 4
19 -4 2
1 2 0
7 0 4
14 -2 0
9 3 1
17 1 3
5 -2 0
5 0 2
15 2 2
1 0 2
10 -1 3
6 2 0
4 2 0
18 0 8748
12 0 0
9 0 0
19 -2 4
13 3000 0
16 -988 0
3 0 0
16 6 0
17 -2 0
12 2 0
20 0 0
2 -2 0
19 4762 0
12 3 1
19 6 0
2 8556 0
2 1384 3298
12 4 0
5 -4 0
10 -1 3
11 -4 0
1 9254 5830
20 4 2
8 0 4
16 -2 0
20 -1 1
5 4922 6454
4 0 2
5 4 0
12 -2 2
5 0 2
20 7958 4348
