100
680 720
1 122
1 302
527 997
484 742
510 884
191 213
65 121
745 839
484 535
1 1
65 742
8 10
1 101
271 557
121 484
741 799
1 484
1 4
334 570
3 4
375 897
65 221
1 221
605 791
121 883
209 398
394 770
4 5
1 485
484 484
1 65
168 450
1 1000
251 260
4 10
1 9
21 221
7 121
63 886
120 122
3 742
483 584
360 683
513 625
120 484
178 317
1 5
100 1000
65 584
4 6
21 742
384 484
298 416
1 10
154 403
483 484
121 485
303 485
3 5
4 584
303 742
8 302
17 951
9 122
504 1000
169 306
1 2
9 221
4 9
120 121
1 109
120 584
1 6
120 302
157 247
10 120
875 881
1 104
3 10
122 1000
122 483
3 9
625 855
121 121
4 109
91 734
1 742
21 121
3 121
121 742
3 6
7 485
65 484
21 584
3 221
523 858
43 738
3 109
437 486
