25
2 20
20 4
19 1 7
12 1 19
3 2 19 12
9 1 3
11 1 9
18 1 11
2 2 4 18
1 3 4 13 2
6 2 20 1
13 1 6
20 1 13
16 2 2 20
17 1 16
15 1 17
8 2 5 15
14 1 8
5 1 14
10 1 5
7 1 10
4 2 7 7
1 20
3
2 1 2
2 1 4
1 3 1 2 3
1 1 1
1 0
3 2 4 1
3 4 3 2 1 1
3 3 4 2 4
3 2 3 1
1 0
3 2 1 3
3 0
2 3 2 2 4
4 0
3 6 2 3 2 4 4 3
4 3 2 4 1
2 2 1 4
4 1 1
3 3 1 1 1
3 2 2 1
3 3
1 1 1
1 0
1 0
1 0
23 5
3 4 1 1 3 3 4 3 4 3 3 2 1 1 2 1 2 4 3 4 2 4 4
1 3 2 2 1
3 1 3
1 0
2 0
3 2 3 2
2 13
2 2
2 3 2 2 2
2 0
2 1 2
2 1 2
2 1 2
2 0
2 1 2
2 0
2 2 2 2
2 0
2 0
2 1 2
2 0
10 20
1 2 3 4 5 6 7 8 9 10
10 1 10
5 0
7 0
2 0
5 1 5
3 0
10 0
4 0
6 1 6
8 1 8
3 1 3
8 0
7 1 7
1 1 1
6 0
4 1 4
2 1 2
9 0
1 0
9 1 9
3 15
1 2 2
2 2 3 3
3 0
3 0
1 2 1 2
1 0
3 0
1 1 1
2 2 3 1
1 2 1 3
2 0
3 0
3 0
1 1 3
3 0
1 4 2 2 1 2
3 20
3 2 2
2 2 1 1
1 5 3 3 3 1 2
3 0
2 2 1 2
1 1 1
2 0
3 0
2 2 2 3
3 0
1 1 2
1 0
3 2 1 1
3 2 1 3
2 2 3 1
3 2 1 1
3 0
3 0
2 3 1 3 2
2 2 1 2
3 1 2
20 15
1 3 3 1 5 4 3 2 4 5 2 4 5 5 4 4 1 5 2 1
5 0
5 0
2 0
4 1 4
1 0
2 0
5 4 4 4 1 2
3 2 2 4
2 3 5 4 4
3 3 2 3 1
1 0
4 2 2 3
2 1 3
3 0
4 4 3 1 4 2
2 9
13 13
13 1 13
13 1 13
13 2 13 13
13 0
13 1 13
13 1 13
13 0
13 0
13 1 13
2 20
2 1
3 1 3
3 3 2 2 2
1 1 1
2 1 3
2 1 2
3 3 3 3 1
1 1 2
3 3 2 3 2
1 1 2
3 1 2
1 1 2
3 4 3 2 3 2
3 0
3 3 3 3 3
3 3 1 1 3
1 1 1
1 2 2 3
1 1 2
1 3 1 3 1
1 0
1 2
2
2 0
2 1 2
3 19
1 1 1
1 0
1 0
1 0
1 0
1 0
1 0
1 1 1
1 1 1
1 1 1
1 1 1
1 1 1
1 1 1
1 1 1
1 1 1
1 1 1
1 2 1 1
1 2 1 1
1 2 1 1
1 2 1 1
3 10
2 2 2
2 1 2
2 3 1 2 1
2 2 2 1
1 1 1
1 0
2 0
2 1 1
1 1 1
2 0
2 5 1 1 1 2 2
6 10
3 1 5 2 3 2
4 3 4 2 5
5 2 1 6
4 2 4 4
1 0
1 2 6 5
5 1 2
4 4 5 6 6 2
4 2 6 1
4 3 1 4 6
6 3 6 1 4
3 15
3 3 2
1 1 2
3 1 3
3 0
3 0
3 3 3 1 3
1 1 3
2 2 3 1
1 3 3 3 3
1 4 2 1 3 1
2 0
1 0
1 2 1 2
3 1 1
1 0
2 2 1 3
1 1
2
1 3 1 2 3
1 1
2
2 0
2 20
2 1
3 0
2 0
2 2 1 1
3 1 2
1 3 2 3 2
1 1 3
3 0
3 2 3 3
3 3 3 3 3
3 1 2
1 2 2 1
3 0
2 0
1 2 3 1
3 1 2
2 2 1 1
2 2 2 1
1 3 3 2 3
3 2 2 1
3 1 2
1 20
15
7 2 9 5
14 2 16 2
17 1 17
10 1 19
6 1 13
16 3 7 20 12
1 2 13 16
20 1 18
12 3 17 17 13
9 2 1 4
19 1 7
4 2 4 14
3 4 5 6 10 3
8 3 12 16 1
13 3 17 14 11
15 1 20
5 1 8
2 3 20 6 3
18 2 2 9
11 1 3
1 20
4
4 1 1
4 1 4
4 0
4 1 3
3 0
2 1 2
3 3 4 3 4
2 2 2 4
2 3 2 4 1
1 2 3 1
1 0
4 0
1 0
4 2 1 3
3 0
4 1 4
3 3 3 4 4
3 0
4 0
1 1 1
1 1
2
2 3 1 2 3
1 1
2
1 1 1
1 4
1
1 0
1 2 1 3
2 0
3 1 2
3 5
1 1 1
2 2 2 2
2 0
2 2 1 2
1 2 2 2
2 0
